image: mymap.pgm
resolution: 0.030000
origin: [-1.920000, 1.920000, -1.570796]
negate: 0
occupied_thresh: 0.65
free_thresh: 0.196

